******************
00300000001010000030
10001000000000001000
00001000000010100000
00102010000010000000
00000000000000000010
20000000000000000000
00000000000000000000
00001000000000001010
00000000000000000000
30000010000010000030
******************
00300000001010000030
10001000000000001000
00001000000010100000
00102010000010000000
00000000000000000010
20000000000000000000
00000000000000000000
00001000000000001010
00000000000000000000
30000010000010000030
******************
00000000001010000000
10301000000000001000
00001000000010100000
00101010000010000030
00000000000000000010
20000000000000000000
30000000000000000000
00001000000000001030
00000000000000000000
00000010000010000000
******************
00000000001010000000
30001000000000001000
00001000000010100000
00101010000010000030
00000000000000000010
20000000000000000000
30000000000000000000
00001000000000001030
00000000000000000000
00000010000010000000
******************
00000000001010000000
30001000000000001000
00001000000010100000
00101010000010000030
00000000000000000010
20000000000000000000
30000000000000000000
00001000000000001030
00000000000000000000
00000010000010000000
******************
00000000001010000000
00301000000000001000
00001000000010100000
30101010000030000000
00000000000000000010
00000000000000000000
00000000000000000000
00001000000000003000
00000000000000000000
00000010000010000000
******************
00000000001010000000
00003000000000001000
00001000000010100000
30101010000030000000
00000000000000000010
00000000000000000000
00000000000000000000
00001000000000003000
00000000000000000000
00000010000010000000
******************
00000000001010000000
00003000000000001000
00001000000010100000
30101010000030000000
00000000000000000010
00000000000000000000
00000000000000000000
00001000000000003000
00000000000000000000
00000010000010000000
******************
00000000001010000000
00000000000000301000
00003000000000100000
00000030000000000000
00000000000000000010
00000000000000000000
00000000000000000000
00001000000000000000
00000000000000000000
00000010000010300000
******************
00000000001010000000
00000000000000301000
00003000000000100000
00000030000000000000
00000000000000000010
00000000000000000000
00000000000000000000
00001000000000000000
00000000000000000000
00000010000010300000
******************
00000000001010000000
00003000000000003000
00000000000000100000
00000030000000000000
00000000000000000010
00000000000000000000
00000000000000000000
00001000000000000000
00000000000000000000
00000010000030000000
******************
00003000001010000000
00000000000000003000
00000000000000100000
00000030000000000000
00000000000000000010
00000000000000000000
00000000000000000000
00001000000000000000
00000000000000000000
00000010000030000000
******************
00000030001010000000
00000000000000003000
00000000000000100000
00000030000000000000
00000000000000000010
00000000000000000000
00000000000000000000
00001000000000000000
00000000000000000000
00000010000030000000
******************
00000000301010000000
00000000000000000000
00000000000000100000
00000000000000000000
00000000000000003010
00000000000000000000
00000000000030000000
00001000000000000000
00000000000000000000
00000010000000000000
******************
00000000003010000000
00000000000000000000
00000000000000100000
00000000000000000000
00000000000000003010
00000000000000000000
00000000000030000000
00001000000000000000
00000000000000000000
00000010000000000000
******************
00000000003010000000
00000000000000000000
00000000000000100000
00000000000000000000
00000000000000003010
00000000000000000000
00000000000030000000
00001000000000000000
00000000000000000000
00000010000000000000
******************
00000000000030000000
00000000003000000000
00000000000000100000
00000000000000000000
00000000000000300010
00000000000000000000
00000000000000000000
00001000000000003000
00000000000000000000
00000010000000000000
******************
00000000000030000000
00000000000000000000
00000000003000100000
00000000000000000000
00000000000000300010
00000000000000000000
00000000000000000000
00001000000000003000
00000000000000000000
00000010000000000000
******************
00000000000030000000
00000000000000000000
00000000000030100000
00000000000000000000
00000000000000300010
00000000000000000000
00000000000000000000
00001000000000003000
00000000000000000000
00000010000000000000
******************
00000000000000000000
00000000000000000000
00000000000000300000
00000000000030000000
00000000000000000030
00000000000000000000
00000000000000000000
00001000003000000000
00000000000000000000
00000010000000000000
******************
00000000000000000000
00000000000000000000
00000000000000300000
00000000000030000000
00000000000000000030
00000000000000000000
00000000000000000000
00001000003000000000
00000000000000000000
00000010000000000000
******************
00000000000000000000
00000000000000000000
00000000000000000000
00000000000000300000
00000000000000000000
00000000000000000000
00000000000030000000
00003000000000000030
00000000000000000000
00000010000000000000
******************
00000000000000000000
00000000000000000000
00000000000000000000
00000000000000000000
00000000000000300000
00000000000000000000
00000000000030000000
00003000000000000030
00000000000000000000
00000010000000000000
******************
00000000000000000000
00000000000000000000
00000000000000000000
00000000000000000000
00000000000000000000
00000000000000300000
00000000000030000000
00003000000000000030
00000000000000000000
00000010000000000000
