******************
0300011000
1010000010
0010001100
0111001003
0000000001
2000000000
0000000000
0010000011
0000000003
3001001000
******************
0300011000
1010000010
0010001100
0111001003
0000000001
2000000000
0000000000
0010000013
0000000000
3001001000
******************
0300011000
1010000010
0010001100
0111001003
0000000001
2000000000
0000000000
0010000013
0000000000
3001001000
******************
0000011000
3010000010
0010001100
0111003000
0000000001
1000000000
3000000000
0010000030
0000000000
0001001000
******************
0000011000
3010000010
0010001100
0111003000
0000000001
1000000000
3000000000
0010000030
0000000000
0001001000
******************
0000011000
0030000310
0010000100
3111000000
0000000001
0000000000
0000000000
0010000000
0000000030
0001001000
******************
0000011000
0030000310
0010000100
3111000000
0000000001
0000000000
0000000000
0010000000
0000000000
0001001030
******************
0000011000
0030000310
0010000100
3111000000
0000000001
0000000000
0000000000
0010000000
0000000000
0001001300
******************
0000011000
0000000030
0030000100
0003000000
0000000001
0000000000
0000000000
0010000000
0000000000
0001003000
******************
0000011000
0000000030
0030000100
0003000000
0000000001
0000000000
0000000000
0010000000
0000000000
0001003000
******************
0003011000
0000000000
0000000100
0003000000
0000000031
0000000000
0000000000
0010000000
0000003000
0001000000
******************
0003011000
0000000000
0000000100
0003000000
0000000031
0000000000
0000000000
0010003000
0000000000
0001000000
******************
0003011000
0000000000
0000000100
0003000000
0000000031
0000000000
0000003000
0010000000
0000000000
0001000000
******************
0000031000
0000000000
0000000100
0000000000
0000000001
0000003000
0000000000
0010000030
0000000000
0001000000
******************
0000031000
0000000000
0000000100
0000000000
0000003001
0000000000
0000000000
0010000030
0000000000
0001000000
******************
0000031000
0000000000
0000000100
0000000000
0000000301
0000000000
0000000000
0010000030
0000000000
0001000000
******************
0000003000
0000000000
0000003100
0000000000
0000000031
0000000000
0000000000
0010030000
0000000000
0001000000
******************
0000003000
0000000000
0000003100
0000000000
0000000003
0000000000
0000000000
0010030000
0000000000
0001000000
******************
0000003000
0000000000
0000003100
0000000000
0000000003
0000000000
0000000000
0010030000
0000000000
0001000000
******************
0000000000
0000000000
0000000300
0000003000
0000000000
0000000003
0000000000
0030000000
0000000000
0001000000
******************
0000000000
0000000000
0000000300
0000003000
0000000000
0000000000
0000000003
0030000000
0000000000
0001000000
******************
0000000000
0000000000
0000000300
0000003000
0000000000
0000000000
0000000000
0030000003
0000000000
0001000000
